00000000000000000000000000000000000000000000000000000000000000000000000000000000
00011111101111111110000011111000000000000001111110111111111000001111100000000000
00111111101111111111000011111000000000000011111110111111111100001111100000000000
11111111101111111111100111111100000000001111111110111111111110011111110000000000
11111111101111111111100111111100000000001111111110111111111110011111110000000000
11111111101111111111100111111100001111111111111110111111111110011111110000111111
01111111101111111111000011111000001111110111111110111111111100001111100000111111
00111111101111111110000011111000001111110011111110111111111000001111100000111111
00000000000000000000000000000000000000000000000000000000000000000000000000000000
00011111101111111110000011111000000000000001111110111111111000001111100000000000
00111111101111111111000011111000000000000011111110111111111100001111100000000000
11111111101111111111100111111100000000001111111110111111111110011111110000000000
11111111101111111111100111111100000000001111111110111111111110011111110000000000
11111111101111111111100111111100001111111111111110111111111110011111110000111111
01111111101111111111000011111000001111110111111110111111111100001111100000111111
00111111101111111110001111111000001111110011111110111111111000111111100000111111
00000100000000000000000000000000000000000000010000000000000000000000000000000000
00000100000000000000000000000000000000000000010000000000000000000000000000000000
00000000000000000000000000000000000000000000000000000000000000000000000000000000
00000000000000000000000000000000000000000000000000000000000000000000000000000000
