000000000000000000000000000000000000000000000000000000000000000000000000000000000000000000000000000000000000000000000000000000000000000000000000000000000000000000000000000000000000000000000000000000000000000000000000000000000000000000000000000000000000000000000000000000000000000000000000000000000000000000000000000000000000000000000000000000000000000000000000000000000000000000000000000000000000000000000000000000000000000000000000000000000000000000
011111110011111110011111110011111110011111110011111110011111110011111110011111110011111110011111110011111110011111110011111110011111110011111110011111110011111110011111110011111110011111110011111110011111110011111110011110000000011110011111110011111110011111110011111110011111110011111110011111110011111110011111110011111110011111110011111110011111110011111110011111110011111110011111110011111110011111110011111110011111110011111110011111110011111110
010000010010000010010000010010000010010000010010000010010000010010000010010000010010000010010000010010000010010000010010000010010000010010000010010000010010000010010000010010000010010000010010000010010000010010000010010000000000000010010000010010000010010000010010000010010000010010000010010000010010000010010000010010000010010000010010000010010000010010000010010000010010000010010000010010000010010000010010000010010000010010000010010000010010000010
010010010010010010010010010010010010010010010010010010010010010010010010010010010010010010010010010010010010010010010010010010010010010010010010010010010010010010010010010010010010010010010010010010010010010010010010010010000000010010010010010010010010010010010010010010010010010010010010010010010010010010010010010010010010010010010010010010010010010010010010010010010010010010010010010010010010010010010010010010010010010010010010010010010010010010
010000010010000010010000010010000010010000010010000010010000010010000010010000010010000010010000010010000010010000010010000010010000010010000010010000010010000010010000010010000010010000010010000010010000010010000010010000000000000010010000010010000010010000010010000010010000010010000010010000010010000010010000010010000010010000010010000010010000010010000010010000010010000010010000010010000010010000010010000010010000010010000010010000010010000010
011111110011111110011111110011111110011111110011111110011111110011111110011111110011111110011111110011111110011111110011111110011111110011111110011111110011111110011111110011111110011111110011111110011111110011111110011110000000011110011111110011111110011111110011111110011111110011111110011111110011111110011111110011111110011111110011111110011111110011111110011111110011111110011111110011111110011111110011111110011111110011111110011111110011111110
000000000000000000000000000000000000000000000000000000000000000000000000000000000000000000000000000000000000000000000000000000000000000000000000000000000000000000000000000000000000000000000000000000000000000000000000000000000000000000000000000000000000000000000000000000000000000000000000000000000000000000000000000000000000000000000000000000000000000000000000000000000000000000000000000000000000000000000000000000000000000000000000000000000000000000
011111110011111110011111110011111110011111110011111110011111110011111110011111110011111110011111110011111110011111110011111110011111110011111110011111110011111110011111110011111110011111110011111110011111110011111110011110000000011110011111110011111110011111110011111110011111110011111110011111110011111110011111110011111110011111110011111110011111110011111110011111110011111110011111110011111110011111110011111110011111110011111110011111110011111110
010000010010000010010000010010000010010000010010000010010000010010000010010000010010000010010000010010000010010000010010000010010000010010000010010000010010000010010000010010000010010000010010000010010000010010000010010000000000000010010000010010000010010000010010000010010000010010000010010000010010000010010000010010000010010000010010000010010000010010000010010000010010000010010000010010000010010000010010000010010000010010000010010000010010000010
010010010010010010010010010010010010010010010010010010010010010010010010010010010010010010010010010010010010010010010010010010010010010010010010010010010010010010010010010010010010010010010010010010010010010010010010010010000000010010010010010010010010010010010010010010010010010010010010010010010010010010010010010010010010010010010010010010010010010010010010010010010010010010010010010010010010010010010010010010010010010010010010010010010010010010
010000010010000010010000010010000010010000010010000010010000010010000010010000010010000010010000010010000010010000010010000010010000010010000010010000010010000010010000010010000010010000010010000010010000010010000010010000000000000010010000010010000010010000010010000010010000010010000010010000010010000010010000010010000010010000010010000010010000010010000010010000010010000010010000010010000010010000010010000010010000010010000010010000010010000010
011111110011111110011111110011111110011111110011111110011111110011111110011111110011111110011111110011111110011111110011111110011111110011111110011111110011111110011111110011111110011111110011111110011111110011111110011110000000011110011111110011111110011111110011111110011111110011111110011111110011111110011111110011111110011111110011111110011111110011111110011111110011111110011111110011111110011111110011111110011111110011111110011111110011111110
000000000000000000000000000000000000000000000000000000000000000000000000000000000000000000000000000000000000000000000000000000000000000000000000000000000000000000000000000000000000000000000000000000000000000000000000000000000000000000000000000000000000000000000000000000000000000000000000000000000000000000000000000000000000000000000000000000000000000000000000000000000000000000000000000000000000000000000000000000000000000000000000000000000000000000
011111110011111110011111110011111110011111110011111110011111110011111110011111110011111110011111110011111110011111110011111110011111110011111110011111110011111110011111110011111110011111110011111110011111110011111110011110000000011110011111110011111110011111110011111110011111110011111110011111110011111110011111110011111110011111110011111110011111110011111110011111110011111110011111110011111110011111110011111110011111110011111110011111110011111110
010000010010000010010000010010000010010000010010000010010000010010000010010000010010000010010000010010000010010000010010000010010000010010000010010000010010000010010000010010000010010000010010000010010000010010000010010000000000000010010000010010000010010000010010000010010000010010000010010000010010000010010000010010000010010000010010000010010000010010000010010000010010000010010000010010000010010000010010000010010000010010000010010000010010000010
000000000000000000000000000000000000000000000000000000000000000000000000000000000000000000000000000000000000000000000000000000000000000000000000000000000000000000000000000000000000000000000000000000000000000000000000000000000000000000000000000000000000000000000000000000000000000000000000000000000000000000000000000000000000000000000000000000000000000000000000000000000000000000000000000000000000000000000000000000000000000000000000000000000000000000
000000000000000000000000000000000000000000000000000000000000000000000000000000000000000000000000000000000000000000000000000000000000000000000000000000000000000000000000000000000000000000000000000000000000000000000000000000000000000000000000000000000000000000000000000000000000000000000000000000000000000000000000000000000000000000000000000000000000000000000000000000000000000000000000000000000000000000000000000000000000000000000000000000000000000000
000000000000000000000000000000000000000000000000000000000000000000000000000000000000000000000000000000000000000000000000000000000000000000000000000000000000000000000000000000000000000000000000000000000000000000000000000000000000000000000000000000000000000000000000000000000000000000000000000000000000000000000000000000000000000000000000000000000000000000000000000000000000000000000000000000000000000000000000000000000000000000000000000000000000000000
000000000000000000000000000000000000000000000000000000000000000000000000000000000000000000000000000000000000000000000000000000000000000000000000000000000000000000000000000000000000000000000000000000000000000000000000000000000000000000000000000000000000000000000000000000000000000000000000000000000000000000000000000000000000000000000000000000000000000000000000000000000000000000000000000000000000000000000000000000000000000000000000000000000000000000
000000000000000000000000000000000000000000000000000000000000000000000000000000000000000000000000000000000000000000000000000000000000000000000000000000000000000000000000000000000000000000000000000000000000000000000000000000000000000000000000000000000000000000000000000000000000000000000000000000000000000000000000000000000000000000000000000000000000000000000000000000000000000000000000000000000000000000000000000000000000000000000000000000000000000000
000000000000000000000000000000000000000000000000000000000000000000000000000000000000000000000000000000000000000000000000000000000000000000000000000000000000000000000000000000000000000000000000000000000000000000000000000000000000000000000000000000000000000000000000000000000000000000000000000000000000000000000000000000000000000000000000000000000000000000000000000000000000000000000000000000000000000000000000000000000000000000000000000000000000000000
010010010010010010010010010010010010010010010010010010010010010010010010010010010010010010010010010010010010010010010010010010010010010010010010010010010010010010010010010010010010010010010010010010010010010010010010010010000000000010010010010010010010010010010010010010010010010010010010010010010010010010010010010010010010010010010010010010010010010010010010010010010010010010010010010010010010010010010010010010010010010010010010010010010010010010
010000010010000010010000010010000010010000010010000010010000010010000010010000010010000010010000010010000010010000010010000010010000010010000010010000010010000010010000010010000010010000010010000010010000010010000010010000000000000010010000010010000010010000010010000010010000010010000010010000010010000010010000010010000010010000010010000010010000010010000010010000010010000010010000010010000010010000010010000010010000010010000010010000010010000010
011111110011111110011111110011111110011111110011111110011111110011111110011111110011111110011111110011111110011111110011111110011111110011111110011111110011111110011111110011111110011111110011111110011111110011111110011110000000011110011111110011111110011111110011111110011111110011111110011111110011111110011111110011111110011111110011111110011111110011111110011111110011111110011111110011111110011111110011111110011111110011111110011111110011111110
000000000000000000000000000000000000000000000000000000000000000000000000000000000000000000000000000000000000000000000000000000000000000000000000000000000000000000000000000000000000000000000000000000000000000000000000000000000000000000000000000000000000000000000000000000000000000000000000000000000000000000000000000000000000000000000000000000000000000000000000000000000000000000000000000000000000000000000000000000000000000000000000000000000000000000
011111110011111110011111110011111110011111110011111110011111110011111110011111110011111110011111110011111110011111110011111110011111110011111110011111110011111110011111110011111110011111110011111110011111110011111110011110000000011110011111110011111110011111110011111110011111110011111110011111110011111110011111110011111110011111110011111110011111110011111110011111110011111110011111110011111110011111110011111110011111110011111110011111110011111110
010000010010000010010000010010000010010000010010000010010000010010000010010000010010000010010000010010000010010000010010000010010000010010000010010000010010000010010000010010000010010000010010000010010000010010000010010000000000000010010000010010000010010000010010000010010000010010000010010000010010000010010000010010000010010000010010000010010000010010000010010000010010000010010000010010000010010000010010000010010000010010000010010000010010000010
010010010010010010010010010010010010010010010010010010010010010010010010010010010010010010010010010010010010010010010010010010010010010010010010010010010010010010010010010010010010010010010010010010010010010010010010010010000000010010010010010010010010010010010010010010010010010010010010010010010010010010010010010010010010010010010010010010010010010010010010010010010010010010010010010010010010010010010010010010010010010010010010010010010010010010
010000010010000010010000010010000010010000010010000010010000010010000010010000010010000010010000010010000010010000010010000010010000010010000010010000010010000010010000010010000010010000010010000010010000010010000010010000000000000010010000010010000010010000010010000010010000010010000010010000010010000010010000010010000010010000010010000010010000010010000010010000010010000010010000010010000010010000010010000010010000010010000010010000010010000010
011111110011111110011111110011111110011111110011111110011111110011111110011111110011111110011111110011111110011111110011111110011111110011111110011111110011111110011111110011111110011111110011111110011111110011111110011110000000011110011111110011111110011111110011111110011111110011111110011111110011111110011111110011111110011111110011111110011111110011111110011111110011111110011111110011111110011111110011111110011111110011111110011111110011111110
000000000000000000000000000000000000000000000000000000000000000000000000000000000000000000000000000000000000000000000000000000000000000000000000000000000000000000000000000000000000000000000000000000000000000000000000000000000000000000000000000000000000000000000000000000000000000000000000000000000000000000000000000000000000000000000000000000000000000000000000000000000000000000000000000000000000000000000000000000000000000000000000000000000000000000
011111110011111110011111110011111110011111110011111110011111110011111110011111110011111110011111110011111110011111110011111110011111110011111110011111110011111110011111110011111110011111110011111110011111110011111110011110000000011110011111110011111110011111110011111110011111110011111110011111110011111110011111110011111110011111110011111110011111110011111110011111110011111110011111110011111110011111110011111110011111110011111110011111110011111110
010000010010000010010000010010000010010000010010000010010000010010000010010000010010000010010000010010000010010000010010000010010000010010000010010000010010000010010000010010000010010000010010000010010000010010000010010000000000000010010000010010000010010000010010000010010000010010000010010000010010000010010000010010000010010000010010000010010000010010000010010000010010000010010000010010000010010000010010000010010000010010000010010000010010000010
010010010010010010010010010010010010010010010010010010010010010010010010010010010010010010010010010010010010010010010010010010010010010010010010010010010010010010010010010010010010010010010010010010010010010010010010010010000000010010010010010010010010010010010010010010010010010010010010010010010010010010010010010010010010010010010010010010010010010010010010010010010010010010010010010010010010010010010010010010010010010010010010010010010010010010
010000010010000010010000010010000010010000010010000010010000010010000010010000010010000010010000010010000010010000010010000010010000010010000010010000010010000010010000010010000010010000010010000010010000010010000010010000000000000010010000010010000010010000010010000010010000010010000010010000010010000010010000010010000010010000010010000010010000010010000010010000010010000010010000010010000010010000010010000010010000010010000010010000010010000010
011111110011111110011111110011111110011111110011111110011111110011111110011111110011111110011111110011111110011111110011111110011111110011111110011111110011111110011111110011111110011111110011111110011111110011111110011110000000011110011111110011111110011111110011111110011111110011111110011111110011111110011111110011111110011111110011111110011111110011111110011111110011111110011111110011111110011111110011111110011111110011111110011111110011111110
